since,jadu,last_year,updown
1980,-,,
1986,-,,
1987,-,,
1998,145,,
1999,87,-58,-40
2000,121,34,39.1
2001,215,94,77.7
2002,278,63,29.3
2003,147,-131,-47.1
2004,161,14,9.5
2005,379,218,135.4
2006,377,-2,-0.5
2007,423,46,12.2
2008,658,235,55.6
2009,381,-277,-42.1
2010,325,-56,-14.7
2011,597,272,83.7
2012,751,154,25.8
2013,695,-56,-7.5
2014,797,102,14.7
2015,564,-233,-29.2
2016,898,334,59.2
2017,1114,216,24.1
2018,1015,-99,-8.9
2019,1273,258,25.4
2020,1276,3,0.3
2021,399,-877,-68.7
2022,-,,
